{
 "cells": [
  {
   "cell_type": "code",
   "execution_count": 3,
   "metadata": {},
   "outputs": [
    {
     "name": "stderr",
     "output_type": "stream",
     "text": [
      "/Users/ashok/anaconda3/lib/python3.6/importlib/_bootstrap.py:219: RuntimeWarning: numpy.dtype size changed, may indicate binary incompatibility. Expected 96, got 88\n",
      "  return f(*args, **kwds)\n",
      "/Users/ashok/anaconda3/lib/python3.6/importlib/_bootstrap.py:219: RuntimeWarning: numpy.dtype size changed, may indicate binary incompatibility. Expected 96, got 88\n",
      "  return f(*args, **kwds)\n"
     ]
    }
   ],
   "source": [
    "import pandas as pd\n",
    "from sklearn.metrics import accuracy_score\n",
    "from sklearn.model_selection import train_test_split\n",
    "from sklearn.neural_network import MLPRegressor\n",
    "from sklearn import datasets\n",
    "from sklearn.preprocessing import scale"
   ]
  },
  {
   "cell_type": "code",
   "execution_count": 4,
   "metadata": {},
   "outputs": [
    {
     "data": {
      "text/html": [
       "<div>\n",
       "<style scoped>\n",
       "    .dataframe tbody tr th:only-of-type {\n",
       "        vertical-align: middle;\n",
       "    }\n",
       "\n",
       "    .dataframe tbody tr th {\n",
       "        vertical-align: top;\n",
       "    }\n",
       "\n",
       "    .dataframe thead th {\n",
       "        text-align: right;\n",
       "    }\n",
       "</style>\n",
       "<table border=\"1\" class=\"dataframe\">\n",
       "  <thead>\n",
       "    <tr style=\"text-align: right;\">\n",
       "      <th></th>\n",
       "      <th>state</th>\n",
       "      <th>A/c_len</th>\n",
       "      <th>area_code</th>\n",
       "      <th>phone</th>\n",
       "      <th>int_plan</th>\n",
       "      <th>Vmail_plan</th>\n",
       "      <th>Vmail_msg</th>\n",
       "      <th>Day_mins</th>\n",
       "      <th>Day_calls</th>\n",
       "      <th>Day_charge</th>\n",
       "      <th>...</th>\n",
       "      <th>Eve_calls</th>\n",
       "      <th>Eve_charge</th>\n",
       "      <th>Nig_mins</th>\n",
       "      <th>Nig_calls</th>\n",
       "      <th>Nig_charge</th>\n",
       "      <th>int_mins</th>\n",
       "      <th>int_calls</th>\n",
       "      <th>int_charge</th>\n",
       "      <th>Custserv_calls</th>\n",
       "      <th>churn</th>\n",
       "    </tr>\n",
       "  </thead>\n",
       "  <tbody>\n",
       "    <tr>\n",
       "      <th>0</th>\n",
       "      <td>OH</td>\n",
       "      <td>107</td>\n",
       "      <td>415</td>\n",
       "      <td>371-7191</td>\n",
       "      <td>no</td>\n",
       "      <td>yes</td>\n",
       "      <td>26</td>\n",
       "      <td>161.6</td>\n",
       "      <td>123</td>\n",
       "      <td>27.47</td>\n",
       "      <td>...</td>\n",
       "      <td>103</td>\n",
       "      <td>16.62</td>\n",
       "      <td>254.4</td>\n",
       "      <td>103</td>\n",
       "      <td>11.45</td>\n",
       "      <td>13.7</td>\n",
       "      <td>3</td>\n",
       "      <td>3.70</td>\n",
       "      <td>1</td>\n",
       "      <td>False.</td>\n",
       "    </tr>\n",
       "    <tr>\n",
       "      <th>1</th>\n",
       "      <td>NJ</td>\n",
       "      <td>137</td>\n",
       "      <td>415</td>\n",
       "      <td>358-1921</td>\n",
       "      <td>no</td>\n",
       "      <td>no</td>\n",
       "      <td>0</td>\n",
       "      <td>243.4</td>\n",
       "      <td>114</td>\n",
       "      <td>41.38</td>\n",
       "      <td>...</td>\n",
       "      <td>110</td>\n",
       "      <td>10.30</td>\n",
       "      <td>162.6</td>\n",
       "      <td>104</td>\n",
       "      <td>7.32</td>\n",
       "      <td>12.2</td>\n",
       "      <td>5</td>\n",
       "      <td>3.29</td>\n",
       "      <td>0</td>\n",
       "      <td>False.</td>\n",
       "    </tr>\n",
       "    <tr>\n",
       "      <th>2</th>\n",
       "      <td>OH</td>\n",
       "      <td>84</td>\n",
       "      <td>408</td>\n",
       "      <td>375-9999</td>\n",
       "      <td>yes</td>\n",
       "      <td>no</td>\n",
       "      <td>0</td>\n",
       "      <td>299.4</td>\n",
       "      <td>71</td>\n",
       "      <td>50.90</td>\n",
       "      <td>...</td>\n",
       "      <td>88</td>\n",
       "      <td>5.26</td>\n",
       "      <td>196.9</td>\n",
       "      <td>89</td>\n",
       "      <td>8.86</td>\n",
       "      <td>6.6</td>\n",
       "      <td>7</td>\n",
       "      <td>1.78</td>\n",
       "      <td>2</td>\n",
       "      <td>False.</td>\n",
       "    </tr>\n",
       "    <tr>\n",
       "      <th>3</th>\n",
       "      <td>OK</td>\n",
       "      <td>75</td>\n",
       "      <td>415</td>\n",
       "      <td>330-6626</td>\n",
       "      <td>yes</td>\n",
       "      <td>no</td>\n",
       "      <td>0</td>\n",
       "      <td>166.7</td>\n",
       "      <td>113</td>\n",
       "      <td>28.34</td>\n",
       "      <td>...</td>\n",
       "      <td>122</td>\n",
       "      <td>12.61</td>\n",
       "      <td>186.9</td>\n",
       "      <td>121</td>\n",
       "      <td>8.41</td>\n",
       "      <td>10.1</td>\n",
       "      <td>3</td>\n",
       "      <td>2.73</td>\n",
       "      <td>3</td>\n",
       "      <td>False.</td>\n",
       "    </tr>\n",
       "    <tr>\n",
       "      <th>4</th>\n",
       "      <td>AL</td>\n",
       "      <td>118</td>\n",
       "      <td>510</td>\n",
       "      <td>391-8027</td>\n",
       "      <td>yes</td>\n",
       "      <td>no</td>\n",
       "      <td>0</td>\n",
       "      <td>223.4</td>\n",
       "      <td>98</td>\n",
       "      <td>37.98</td>\n",
       "      <td>...</td>\n",
       "      <td>101</td>\n",
       "      <td>18.75</td>\n",
       "      <td>203.9</td>\n",
       "      <td>118</td>\n",
       "      <td>9.18</td>\n",
       "      <td>6.3</td>\n",
       "      <td>6</td>\n",
       "      <td>1.70</td>\n",
       "      <td>0</td>\n",
       "      <td>False.</td>\n",
       "    </tr>\n",
       "  </tbody>\n",
       "</table>\n",
       "<p>5 rows × 21 columns</p>\n",
       "</div>"
      ],
      "text/plain": [
       "  state  A/c_len  area_code      phone int_plan Vmail_plan  Vmail_msg  \\\n",
       "0    OH      107        415   371-7191       no        yes         26   \n",
       "1    NJ      137        415   358-1921       no         no          0   \n",
       "2    OH       84        408   375-9999      yes         no          0   \n",
       "3    OK       75        415   330-6626      yes         no          0   \n",
       "4    AL      118        510   391-8027      yes         no          0   \n",
       "\n",
       "   Day_mins  Day_calls  Day_charge   ...     Eve_calls  Eve_charge  Nig_mins  \\\n",
       "0     161.6        123       27.47   ...           103       16.62     254.4   \n",
       "1     243.4        114       41.38   ...           110       10.30     162.6   \n",
       "2     299.4         71       50.90   ...            88        5.26     196.9   \n",
       "3     166.7        113       28.34   ...           122       12.61     186.9   \n",
       "4     223.4         98       37.98   ...           101       18.75     203.9   \n",
       "\n",
       "   Nig_calls  Nig_charge  int_mins  int_calls  int_charge  Custserv_calls  \\\n",
       "0        103       11.45      13.7          3        3.70               1   \n",
       "1        104        7.32      12.2          5        3.29               0   \n",
       "2         89        8.86       6.6          7        1.78               2   \n",
       "3        121        8.41      10.1          3        2.73               3   \n",
       "4        118        9.18       6.3          6        1.70               0   \n",
       "\n",
       "     churn  \n",
       "0   False.  \n",
       "1   False.  \n",
       "2   False.  \n",
       "3   False.  \n",
       "4   False.  \n",
       "\n",
       "[5 rows x 21 columns]"
      ]
     },
     "execution_count": 4,
     "metadata": {},
     "output_type": "execute_result"
    }
   ],
   "source": [
    "data = pd.read_csv(\"telecom_churn_data.csv\")\n",
    "data.columns = ['state','A/c_len','area_code','phone','int_plan','Vmail_plan','Vmail_msg','Day_mins','Day_calls','Day_charge','Eve_mins','Eve_calls','Eve_charge','Nig_mins','Nig_calls','Nig_charge','int_mins','int_calls','int_charge','Custserv_calls','churn']\n",
    "data.head()"
   ]
  },
  {
   "cell_type": "code",
   "execution_count": 5,
   "metadata": {},
   "outputs": [
    {
     "data": {
      "text/plain": [
       "Counter({' no': 3381, ' yes': 1235})"
      ]
     },
     "execution_count": 5,
     "metadata": {},
     "output_type": "execute_result"
    }
   ],
   "source": [
    "from collections import Counter\n",
    "Counter(data.Vmail_plan)"
   ]
  },
  {
   "cell_type": "code",
   "execution_count": 6,
   "metadata": {},
   "outputs": [],
   "source": [
    "from sklearn.preprocessing import LabelEncoder\n",
    "enc = LabelEncoder()"
   ]
  },
  {
   "cell_type": "code",
   "execution_count": 7,
   "metadata": {},
   "outputs": [],
   "source": [
    "data.int_plan = enc.fit_transform(data.int_plan)\n",
    "data.Vmail_plan = enc.fit_transform(data.Vmail_plan)\n",
    "data.churn = enc.fit_transform(data.churn)"
   ]
  },
  {
   "cell_type": "code",
   "execution_count": 8,
   "metadata": {},
   "outputs": [
    {
     "data": {
      "text/html": [
       "<div>\n",
       "<style scoped>\n",
       "    .dataframe tbody tr th:only-of-type {\n",
       "        vertical-align: middle;\n",
       "    }\n",
       "\n",
       "    .dataframe tbody tr th {\n",
       "        vertical-align: top;\n",
       "    }\n",
       "\n",
       "    .dataframe thead th {\n",
       "        text-align: right;\n",
       "    }\n",
       "</style>\n",
       "<table border=\"1\" class=\"dataframe\">\n",
       "  <thead>\n",
       "    <tr style=\"text-align: right;\">\n",
       "      <th></th>\n",
       "      <th>A/c_len</th>\n",
       "      <th>area_code</th>\n",
       "      <th>int_plan</th>\n",
       "      <th>Vmail_plan</th>\n",
       "      <th>Vmail_msg</th>\n",
       "      <th>Day_mins</th>\n",
       "      <th>Day_calls</th>\n",
       "      <th>Day_charge</th>\n",
       "      <th>Eve_mins</th>\n",
       "      <th>Eve_calls</th>\n",
       "      <th>Eve_charge</th>\n",
       "      <th>Nig_mins</th>\n",
       "      <th>Nig_calls</th>\n",
       "      <th>Nig_charge</th>\n",
       "      <th>int_mins</th>\n",
       "      <th>int_calls</th>\n",
       "      <th>int_charge</th>\n",
       "      <th>Custserv_calls</th>\n",
       "      <th>churn</th>\n",
       "    </tr>\n",
       "  </thead>\n",
       "  <tbody>\n",
       "    <tr>\n",
       "      <th>A/c_len</th>\n",
       "      <td>1.000000</td>\n",
       "      <td>-0.020318</td>\n",
       "      <td>0.013998</td>\n",
       "      <td>-0.004852</td>\n",
       "      <td>-0.013175</td>\n",
       "      <td>0.001768</td>\n",
       "      <td>0.032711</td>\n",
       "      <td>0.001765</td>\n",
       "      <td>-0.006770</td>\n",
       "      <td>0.015608</td>\n",
       "      <td>-0.006766</td>\n",
       "      <td>-0.002208</td>\n",
       "      <td>-0.009415</td>\n",
       "      <td>-0.002226</td>\n",
       "      <td>0.003498</td>\n",
       "      <td>0.023575</td>\n",
       "      <td>0.003517</td>\n",
       "      <td>0.002685</td>\n",
       "      <td>0.018108</td>\n",
       "    </tr>\n",
       "    <tr>\n",
       "      <th>area_code</th>\n",
       "      <td>-0.020318</td>\n",
       "      <td>1.000000</td>\n",
       "      <td>0.039227</td>\n",
       "      <td>-0.002964</td>\n",
       "      <td>-0.002455</td>\n",
       "      <td>-0.018729</td>\n",
       "      <td>-0.013123</td>\n",
       "      <td>-0.018731</td>\n",
       "      <td>0.011507</td>\n",
       "      <td>-0.011535</td>\n",
       "      <td>0.011527</td>\n",
       "      <td>0.002893</td>\n",
       "      <td>0.015267</td>\n",
       "      <td>0.002880</td>\n",
       "      <td>-0.007303</td>\n",
       "      <td>-0.011598</td>\n",
       "      <td>-0.007398</td>\n",
       "      <td>0.020999</td>\n",
       "      <td>0.011950</td>\n",
       "    </tr>\n",
       "    <tr>\n",
       "      <th>int_plan</th>\n",
       "      <td>0.013998</td>\n",
       "      <td>0.039227</td>\n",
       "      <td>1.000000</td>\n",
       "      <td>0.009398</td>\n",
       "      <td>0.011687</td>\n",
       "      <td>0.028339</td>\n",
       "      <td>0.007513</td>\n",
       "      <td>0.028342</td>\n",
       "      <td>0.023736</td>\n",
       "      <td>0.003356</td>\n",
       "      <td>0.023736</td>\n",
       "      <td>-0.025891</td>\n",
       "      <td>0.007359</td>\n",
       "      <td>-0.025899</td>\n",
       "      <td>0.036967</td>\n",
       "      <td>0.006675</td>\n",
       "      <td>0.036948</td>\n",
       "      <td>-0.012877</td>\n",
       "      <td>0.257503</td>\n",
       "    </tr>\n",
       "    <tr>\n",
       "      <th>Vmail_plan</th>\n",
       "      <td>-0.004852</td>\n",
       "      <td>-0.002964</td>\n",
       "      <td>0.009398</td>\n",
       "      <td>1.000000</td>\n",
       "      <td>0.955276</td>\n",
       "      <td>0.003884</td>\n",
       "      <td>-0.005919</td>\n",
       "      <td>0.003882</td>\n",
       "      <td>0.021803</td>\n",
       "      <td>-0.005514</td>\n",
       "      <td>0.021807</td>\n",
       "      <td>0.006121</td>\n",
       "      <td>0.008632</td>\n",
       "      <td>0.006116</td>\n",
       "      <td>0.005910</td>\n",
       "      <td>0.000166</td>\n",
       "      <td>0.005950</td>\n",
       "      <td>-0.014393</td>\n",
       "      <td>-0.110038</td>\n",
       "    </tr>\n",
       "    <tr>\n",
       "      <th>Vmail_msg</th>\n",
       "      <td>-0.013175</td>\n",
       "      <td>-0.002455</td>\n",
       "      <td>0.011687</td>\n",
       "      <td>0.955276</td>\n",
       "      <td>1.000000</td>\n",
       "      <td>0.008603</td>\n",
       "      <td>-0.003983</td>\n",
       "      <td>0.008600</td>\n",
       "      <td>0.017891</td>\n",
       "      <td>-0.006493</td>\n",
       "      <td>0.017898</td>\n",
       "      <td>0.004435</td>\n",
       "      <td>0.001012</td>\n",
       "      <td>0.004428</td>\n",
       "      <td>0.005195</td>\n",
       "      <td>0.007584</td>\n",
       "      <td>0.005231</td>\n",
       "      <td>-0.006834</td>\n",
       "      <td>-0.096792</td>\n",
       "    </tr>\n",
       "    <tr>\n",
       "      <th>Day_mins</th>\n",
       "      <td>0.001768</td>\n",
       "      <td>-0.018729</td>\n",
       "      <td>0.028339</td>\n",
       "      <td>0.003884</td>\n",
       "      <td>0.008603</td>\n",
       "      <td>1.000000</td>\n",
       "      <td>-0.002994</td>\n",
       "      <td>1.000000</td>\n",
       "      <td>-0.010243</td>\n",
       "      <td>0.013014</td>\n",
       "      <td>-0.010250</td>\n",
       "      <td>0.009311</td>\n",
       "      <td>0.005319</td>\n",
       "      <td>0.009298</td>\n",
       "      <td>-0.012283</td>\n",
       "      <td>0.000364</td>\n",
       "      <td>-0.012229</td>\n",
       "      <td>-0.008003</td>\n",
       "      <td>0.202635</td>\n",
       "    </tr>\n",
       "    <tr>\n",
       "      <th>Day_calls</th>\n",
       "      <td>0.032711</td>\n",
       "      <td>-0.013123</td>\n",
       "      <td>0.007513</td>\n",
       "      <td>-0.005919</td>\n",
       "      <td>-0.003983</td>\n",
       "      <td>-0.002994</td>\n",
       "      <td>1.000000</td>\n",
       "      <td>-0.002992</td>\n",
       "      <td>-0.006424</td>\n",
       "      <td>0.003930</td>\n",
       "      <td>-0.006423</td>\n",
       "      <td>0.010636</td>\n",
       "      <td>-0.013251</td>\n",
       "      <td>0.010630</td>\n",
       "      <td>0.012962</td>\n",
       "      <td>0.010953</td>\n",
       "      <td>0.013066</td>\n",
       "      <td>-0.008701</td>\n",
       "      <td>0.016313</td>\n",
       "    </tr>\n",
       "    <tr>\n",
       "      <th>Day_charge</th>\n",
       "      <td>0.001765</td>\n",
       "      <td>-0.018731</td>\n",
       "      <td>0.028342</td>\n",
       "      <td>0.003882</td>\n",
       "      <td>0.008600</td>\n",
       "      <td>1.000000</td>\n",
       "      <td>-0.002992</td>\n",
       "      <td>1.000000</td>\n",
       "      <td>-0.010237</td>\n",
       "      <td>0.013015</td>\n",
       "      <td>-0.010245</td>\n",
       "      <td>0.009313</td>\n",
       "      <td>0.005318</td>\n",
       "      <td>0.009300</td>\n",
       "      <td>-0.012284</td>\n",
       "      <td>0.000361</td>\n",
       "      <td>-0.012231</td>\n",
       "      <td>-0.008010</td>\n",
       "      <td>0.202630</td>\n",
       "    </tr>\n",
       "    <tr>\n",
       "      <th>Eve_mins</th>\n",
       "      <td>-0.006770</td>\n",
       "      <td>0.011507</td>\n",
       "      <td>0.023736</td>\n",
       "      <td>0.021803</td>\n",
       "      <td>0.017891</td>\n",
       "      <td>-0.010243</td>\n",
       "      <td>-0.006424</td>\n",
       "      <td>-0.010237</td>\n",
       "      <td>1.000000</td>\n",
       "      <td>0.001135</td>\n",
       "      <td>1.000000</td>\n",
       "      <td>-0.018820</td>\n",
       "      <td>0.014221</td>\n",
       "      <td>-0.018827</td>\n",
       "      <td>0.000164</td>\n",
       "      <td>0.005742</td>\n",
       "      <td>0.000171</td>\n",
       "      <td>-0.015604</td>\n",
       "      <td>0.087039</td>\n",
       "    </tr>\n",
       "    <tr>\n",
       "      <th>Eve_calls</th>\n",
       "      <td>0.015608</td>\n",
       "      <td>-0.011535</td>\n",
       "      <td>0.003356</td>\n",
       "      <td>-0.005514</td>\n",
       "      <td>-0.006493</td>\n",
       "      <td>0.013014</td>\n",
       "      <td>0.003930</td>\n",
       "      <td>0.013015</td>\n",
       "      <td>0.001135</td>\n",
       "      <td>1.000000</td>\n",
       "      <td>0.001150</td>\n",
       "      <td>0.002621</td>\n",
       "      <td>-0.015469</td>\n",
       "      <td>0.002636</td>\n",
       "      <td>-0.002799</td>\n",
       "      <td>0.005191</td>\n",
       "      <td>-0.002832</td>\n",
       "      <td>0.007724</td>\n",
       "      <td>0.001938</td>\n",
       "    </tr>\n",
       "    <tr>\n",
       "      <th>Eve_charge</th>\n",
       "      <td>-0.006766</td>\n",
       "      <td>0.011527</td>\n",
       "      <td>0.023736</td>\n",
       "      <td>0.021807</td>\n",
       "      <td>0.017898</td>\n",
       "      <td>-0.010250</td>\n",
       "      <td>-0.006423</td>\n",
       "      <td>-0.010245</td>\n",
       "      <td>1.000000</td>\n",
       "      <td>0.001150</td>\n",
       "      <td>1.000000</td>\n",
       "      <td>-0.018829</td>\n",
       "      <td>0.014225</td>\n",
       "      <td>-0.018836</td>\n",
       "      <td>0.000161</td>\n",
       "      <td>0.005744</td>\n",
       "      <td>0.000169</td>\n",
       "      <td>-0.015617</td>\n",
       "      <td>0.087032</td>\n",
       "    </tr>\n",
       "    <tr>\n",
       "      <th>Nig_mins</th>\n",
       "      <td>-0.002208</td>\n",
       "      <td>0.002893</td>\n",
       "      <td>-0.025891</td>\n",
       "      <td>0.006121</td>\n",
       "      <td>0.004435</td>\n",
       "      <td>0.009311</td>\n",
       "      <td>0.010636</td>\n",
       "      <td>0.009313</td>\n",
       "      <td>-0.018820</td>\n",
       "      <td>0.002621</td>\n",
       "      <td>-0.018829</td>\n",
       "      <td>1.000000</td>\n",
       "      <td>0.025830</td>\n",
       "      <td>0.999999</td>\n",
       "      <td>-0.004530</td>\n",
       "      <td>-0.014543</td>\n",
       "      <td>-0.004481</td>\n",
       "      <td>-0.013791</td>\n",
       "      <td>0.043344</td>\n",
       "    </tr>\n",
       "    <tr>\n",
       "      <th>Nig_calls</th>\n",
       "      <td>-0.009415</td>\n",
       "      <td>0.015267</td>\n",
       "      <td>0.007359</td>\n",
       "      <td>0.008632</td>\n",
       "      <td>0.001012</td>\n",
       "      <td>0.005319</td>\n",
       "      <td>-0.013251</td>\n",
       "      <td>0.005318</td>\n",
       "      <td>0.014221</td>\n",
       "      <td>-0.015469</td>\n",
       "      <td>0.014225</td>\n",
       "      <td>0.025830</td>\n",
       "      <td>1.000000</td>\n",
       "      <td>0.025810</td>\n",
       "      <td>-0.006441</td>\n",
       "      <td>0.003237</td>\n",
       "      <td>-0.006450</td>\n",
       "      <td>-0.010300</td>\n",
       "      <td>-0.006711</td>\n",
       "    </tr>\n",
       "    <tr>\n",
       "      <th>Nig_charge</th>\n",
       "      <td>-0.002226</td>\n",
       "      <td>0.002880</td>\n",
       "      <td>-0.025899</td>\n",
       "      <td>0.006116</td>\n",
       "      <td>0.004428</td>\n",
       "      <td>0.009298</td>\n",
       "      <td>0.010630</td>\n",
       "      <td>0.009300</td>\n",
       "      <td>-0.018827</td>\n",
       "      <td>0.002636</td>\n",
       "      <td>-0.018836</td>\n",
       "      <td>0.999999</td>\n",
       "      <td>0.025810</td>\n",
       "      <td>1.000000</td>\n",
       "      <td>-0.004528</td>\n",
       "      <td>-0.014515</td>\n",
       "      <td>-0.004478</td>\n",
       "      <td>-0.013788</td>\n",
       "      <td>0.043341</td>\n",
       "    </tr>\n",
       "    <tr>\n",
       "      <th>int_mins</th>\n",
       "      <td>0.003498</td>\n",
       "      <td>-0.007303</td>\n",
       "      <td>0.036967</td>\n",
       "      <td>0.005910</td>\n",
       "      <td>0.005195</td>\n",
       "      <td>-0.012283</td>\n",
       "      <td>0.012962</td>\n",
       "      <td>-0.012284</td>\n",
       "      <td>0.000164</td>\n",
       "      <td>-0.002799</td>\n",
       "      <td>0.000161</td>\n",
       "      <td>-0.004530</td>\n",
       "      <td>-0.006441</td>\n",
       "      <td>-0.004528</td>\n",
       "      <td>1.000000</td>\n",
       "      <td>0.021419</td>\n",
       "      <td>0.999993</td>\n",
       "      <td>-0.016089</td>\n",
       "      <td>0.064723</td>\n",
       "    </tr>\n",
       "    <tr>\n",
       "      <th>int_calls</th>\n",
       "      <td>0.023575</td>\n",
       "      <td>-0.011598</td>\n",
       "      <td>0.006675</td>\n",
       "      <td>0.000166</td>\n",
       "      <td>0.007584</td>\n",
       "      <td>0.000364</td>\n",
       "      <td>0.010953</td>\n",
       "      <td>0.000361</td>\n",
       "      <td>0.005742</td>\n",
       "      <td>0.005191</td>\n",
       "      <td>0.005744</td>\n",
       "      <td>-0.014543</td>\n",
       "      <td>0.003237</td>\n",
       "      <td>-0.014515</td>\n",
       "      <td>0.021419</td>\n",
       "      <td>1.000000</td>\n",
       "      <td>0.021536</td>\n",
       "      <td>-0.016834</td>\n",
       "      <td>-0.045898</td>\n",
       "    </tr>\n",
       "    <tr>\n",
       "      <th>int_charge</th>\n",
       "      <td>0.003517</td>\n",
       "      <td>-0.007398</td>\n",
       "      <td>0.036948</td>\n",
       "      <td>0.005950</td>\n",
       "      <td>0.005231</td>\n",
       "      <td>-0.012229</td>\n",
       "      <td>0.013066</td>\n",
       "      <td>-0.012231</td>\n",
       "      <td>0.000171</td>\n",
       "      <td>-0.002832</td>\n",
       "      <td>0.000169</td>\n",
       "      <td>-0.004481</td>\n",
       "      <td>-0.006450</td>\n",
       "      <td>-0.004478</td>\n",
       "      <td>0.999993</td>\n",
       "      <td>0.021536</td>\n",
       "      <td>1.000000</td>\n",
       "      <td>-0.016158</td>\n",
       "      <td>0.064720</td>\n",
       "    </tr>\n",
       "    <tr>\n",
       "      <th>Custserv_calls</th>\n",
       "      <td>0.002685</td>\n",
       "      <td>0.020999</td>\n",
       "      <td>-0.012877</td>\n",
       "      <td>-0.014393</td>\n",
       "      <td>-0.006834</td>\n",
       "      <td>-0.008003</td>\n",
       "      <td>-0.008701</td>\n",
       "      <td>-0.008010</td>\n",
       "      <td>-0.015604</td>\n",
       "      <td>0.007724</td>\n",
       "      <td>-0.015617</td>\n",
       "      <td>-0.013791</td>\n",
       "      <td>-0.010300</td>\n",
       "      <td>-0.013788</td>\n",
       "      <td>-0.016089</td>\n",
       "      <td>-0.016834</td>\n",
       "      <td>-0.016158</td>\n",
       "      <td>1.000000</td>\n",
       "      <td>0.209320</td>\n",
       "    </tr>\n",
       "    <tr>\n",
       "      <th>churn</th>\n",
       "      <td>0.018108</td>\n",
       "      <td>0.011950</td>\n",
       "      <td>0.257503</td>\n",
       "      <td>-0.110038</td>\n",
       "      <td>-0.096792</td>\n",
       "      <td>0.202635</td>\n",
       "      <td>0.016313</td>\n",
       "      <td>0.202630</td>\n",
       "      <td>0.087039</td>\n",
       "      <td>0.001938</td>\n",
       "      <td>0.087032</td>\n",
       "      <td>0.043344</td>\n",
       "      <td>-0.006711</td>\n",
       "      <td>0.043341</td>\n",
       "      <td>0.064723</td>\n",
       "      <td>-0.045898</td>\n",
       "      <td>0.064720</td>\n",
       "      <td>0.209320</td>\n",
       "      <td>1.000000</td>\n",
       "    </tr>\n",
       "  </tbody>\n",
       "</table>\n",
       "</div>"
      ],
      "text/plain": [
       "                 A/c_len  area_code  int_plan  Vmail_plan  Vmail_msg  \\\n",
       "A/c_len         1.000000  -0.020318  0.013998   -0.004852  -0.013175   \n",
       "area_code      -0.020318   1.000000  0.039227   -0.002964  -0.002455   \n",
       "int_plan        0.013998   0.039227  1.000000    0.009398   0.011687   \n",
       "Vmail_plan     -0.004852  -0.002964  0.009398    1.000000   0.955276   \n",
       "Vmail_msg      -0.013175  -0.002455  0.011687    0.955276   1.000000   \n",
       "Day_mins        0.001768  -0.018729  0.028339    0.003884   0.008603   \n",
       "Day_calls       0.032711  -0.013123  0.007513   -0.005919  -0.003983   \n",
       "Day_charge      0.001765  -0.018731  0.028342    0.003882   0.008600   \n",
       "Eve_mins       -0.006770   0.011507  0.023736    0.021803   0.017891   \n",
       "Eve_calls       0.015608  -0.011535  0.003356   -0.005514  -0.006493   \n",
       "Eve_charge     -0.006766   0.011527  0.023736    0.021807   0.017898   \n",
       "Nig_mins       -0.002208   0.002893 -0.025891    0.006121   0.004435   \n",
       "Nig_calls      -0.009415   0.015267  0.007359    0.008632   0.001012   \n",
       "Nig_charge     -0.002226   0.002880 -0.025899    0.006116   0.004428   \n",
       "int_mins        0.003498  -0.007303  0.036967    0.005910   0.005195   \n",
       "int_calls       0.023575  -0.011598  0.006675    0.000166   0.007584   \n",
       "int_charge      0.003517  -0.007398  0.036948    0.005950   0.005231   \n",
       "Custserv_calls  0.002685   0.020999 -0.012877   -0.014393  -0.006834   \n",
       "churn           0.018108   0.011950  0.257503   -0.110038  -0.096792   \n",
       "\n",
       "                Day_mins  Day_calls  Day_charge  Eve_mins  Eve_calls  \\\n",
       "A/c_len         0.001768   0.032711    0.001765 -0.006770   0.015608   \n",
       "area_code      -0.018729  -0.013123   -0.018731  0.011507  -0.011535   \n",
       "int_plan        0.028339   0.007513    0.028342  0.023736   0.003356   \n",
       "Vmail_plan      0.003884  -0.005919    0.003882  0.021803  -0.005514   \n",
       "Vmail_msg       0.008603  -0.003983    0.008600  0.017891  -0.006493   \n",
       "Day_mins        1.000000  -0.002994    1.000000 -0.010243   0.013014   \n",
       "Day_calls      -0.002994   1.000000   -0.002992 -0.006424   0.003930   \n",
       "Day_charge      1.000000  -0.002992    1.000000 -0.010237   0.013015   \n",
       "Eve_mins       -0.010243  -0.006424   -0.010237  1.000000   0.001135   \n",
       "Eve_calls       0.013014   0.003930    0.013015  0.001135   1.000000   \n",
       "Eve_charge     -0.010250  -0.006423   -0.010245  1.000000   0.001150   \n",
       "Nig_mins        0.009311   0.010636    0.009313 -0.018820   0.002621   \n",
       "Nig_calls       0.005319  -0.013251    0.005318  0.014221  -0.015469   \n",
       "Nig_charge      0.009298   0.010630    0.009300 -0.018827   0.002636   \n",
       "int_mins       -0.012283   0.012962   -0.012284  0.000164  -0.002799   \n",
       "int_calls       0.000364   0.010953    0.000361  0.005742   0.005191   \n",
       "int_charge     -0.012229   0.013066   -0.012231  0.000171  -0.002832   \n",
       "Custserv_calls -0.008003  -0.008701   -0.008010 -0.015604   0.007724   \n",
       "churn           0.202635   0.016313    0.202630  0.087039   0.001938   \n",
       "\n",
       "                Eve_charge  Nig_mins  Nig_calls  Nig_charge  int_mins  \\\n",
       "A/c_len          -0.006766 -0.002208  -0.009415   -0.002226  0.003498   \n",
       "area_code         0.011527  0.002893   0.015267    0.002880 -0.007303   \n",
       "int_plan          0.023736 -0.025891   0.007359   -0.025899  0.036967   \n",
       "Vmail_plan        0.021807  0.006121   0.008632    0.006116  0.005910   \n",
       "Vmail_msg         0.017898  0.004435   0.001012    0.004428  0.005195   \n",
       "Day_mins         -0.010250  0.009311   0.005319    0.009298 -0.012283   \n",
       "Day_calls        -0.006423  0.010636  -0.013251    0.010630  0.012962   \n",
       "Day_charge       -0.010245  0.009313   0.005318    0.009300 -0.012284   \n",
       "Eve_mins          1.000000 -0.018820   0.014221   -0.018827  0.000164   \n",
       "Eve_calls         0.001150  0.002621  -0.015469    0.002636 -0.002799   \n",
       "Eve_charge        1.000000 -0.018829   0.014225   -0.018836  0.000161   \n",
       "Nig_mins         -0.018829  1.000000   0.025830    0.999999 -0.004530   \n",
       "Nig_calls         0.014225  0.025830   1.000000    0.025810 -0.006441   \n",
       "Nig_charge       -0.018836  0.999999   0.025810    1.000000 -0.004528   \n",
       "int_mins          0.000161 -0.004530  -0.006441   -0.004528  1.000000   \n",
       "int_calls         0.005744 -0.014543   0.003237   -0.014515  0.021419   \n",
       "int_charge        0.000169 -0.004481  -0.006450   -0.004478  0.999993   \n",
       "Custserv_calls   -0.015617 -0.013791  -0.010300   -0.013788 -0.016089   \n",
       "churn             0.087032  0.043344  -0.006711    0.043341  0.064723   \n",
       "\n",
       "                int_calls  int_charge  Custserv_calls     churn  \n",
       "A/c_len          0.023575    0.003517        0.002685  0.018108  \n",
       "area_code       -0.011598   -0.007398        0.020999  0.011950  \n",
       "int_plan         0.006675    0.036948       -0.012877  0.257503  \n",
       "Vmail_plan       0.000166    0.005950       -0.014393 -0.110038  \n",
       "Vmail_msg        0.007584    0.005231       -0.006834 -0.096792  \n",
       "Day_mins         0.000364   -0.012229       -0.008003  0.202635  \n",
       "Day_calls        0.010953    0.013066       -0.008701  0.016313  \n",
       "Day_charge       0.000361   -0.012231       -0.008010  0.202630  \n",
       "Eve_mins         0.005742    0.000171       -0.015604  0.087039  \n",
       "Eve_calls        0.005191   -0.002832        0.007724  0.001938  \n",
       "Eve_charge       0.005744    0.000169       -0.015617  0.087032  \n",
       "Nig_mins        -0.014543   -0.004481       -0.013791  0.043344  \n",
       "Nig_calls        0.003237   -0.006450       -0.010300 -0.006711  \n",
       "Nig_charge      -0.014515   -0.004478       -0.013788  0.043341  \n",
       "int_mins         0.021419    0.999993       -0.016089  0.064723  \n",
       "int_calls        1.000000    0.021536       -0.016834 -0.045898  \n",
       "int_charge       0.021536    1.000000       -0.016158  0.064720  \n",
       "Custserv_calls  -0.016834   -0.016158        1.000000  0.209320  \n",
       "churn           -0.045898    0.064720        0.209320  1.000000  "
      ]
     },
     "execution_count": 8,
     "metadata": {},
     "output_type": "execute_result"
    }
   ],
   "source": [
    "data.corr()"
   ]
  },
  {
   "cell_type": "code",
   "execution_count": 9,
   "metadata": {},
   "outputs": [
    {
     "data": {
      "text/plain": [
       "state             0\n",
       "A/c_len           0\n",
       "area_code         0\n",
       "phone             0\n",
       "int_plan          0\n",
       "Vmail_plan        0\n",
       "Vmail_msg         0\n",
       "Day_mins          0\n",
       "Day_calls         0\n",
       "Day_charge        0\n",
       "Eve_mins          0\n",
       "Eve_calls         0\n",
       "Eve_charge        0\n",
       "Nig_mins          0\n",
       "Nig_calls         0\n",
       "Nig_charge        0\n",
       "int_mins          0\n",
       "int_calls         0\n",
       "int_charge        0\n",
       "Custserv_calls    0\n",
       "churn             0\n",
       "dtype: int64"
      ]
     },
     "execution_count": 9,
     "metadata": {},
     "output_type": "execute_result"
    }
   ],
   "source": [
    "data.isnull().sum()"
   ]
  },
  {
   "cell_type": "code",
   "execution_count": 10,
   "metadata": {},
   "outputs": [
    {
     "data": {
      "text/plain": [
       "Counter({0: 3960, 1: 656})"
      ]
     },
     "execution_count": 10,
     "metadata": {},
     "output_type": "execute_result"
    }
   ],
   "source": [
    "from collections import Counter\n",
    "Counter(data.churn)"
   ]
  },
  {
   "cell_type": "code",
   "execution_count": 11,
   "metadata": {},
   "outputs": [],
   "source": [
    "# data.Day_mins  =data.Day_mins .astype('int')\n",
    "# data.Day_charge =data.Day_charge.astype('int')\n",
    "# data.Eve_mins =data.Eve_mins.astype('int')\n",
    "# data.Eve_charge =data.Eve_charge.astype('int')\n",
    "# data.Nig_mins =data.Nig_mins.astype('int')\n",
    "# data.Nig_charge =data.Nig_charge.astype('int')\n",
    "# data.int_mins  =data.int_mins .astype('int')\n",
    "# data.int_charge =data.int_charge.astype('int')"
   ]
  },
  {
   "cell_type": "code",
   "execution_count": 12,
   "metadata": {},
   "outputs": [
    {
     "name": "stdout",
     "output_type": "stream",
     "text": [
      "<class 'pandas.core.frame.DataFrame'>\n",
      "RangeIndex: 4616 entries, 0 to 4615\n",
      "Data columns (total 21 columns):\n",
      "state             4616 non-null object\n",
      "A/c_len           4616 non-null int64\n",
      "area_code         4616 non-null int64\n",
      "phone             4616 non-null object\n",
      "int_plan          4616 non-null int64\n",
      "Vmail_plan        4616 non-null int64\n",
      "Vmail_msg         4616 non-null int64\n",
      "Day_mins          4616 non-null float64\n",
      "Day_calls         4616 non-null int64\n",
      "Day_charge        4616 non-null float64\n",
      "Eve_mins          4616 non-null float64\n",
      "Eve_calls         4616 non-null int64\n",
      "Eve_charge        4616 non-null float64\n",
      "Nig_mins          4616 non-null float64\n",
      "Nig_calls         4616 non-null int64\n",
      "Nig_charge        4616 non-null float64\n",
      "int_mins          4616 non-null float64\n",
      "int_calls         4616 non-null int64\n",
      "int_charge        4616 non-null float64\n",
      "Custserv_calls    4616 non-null int64\n",
      "churn             4616 non-null int64\n",
      "dtypes: float64(8), int64(11), object(2)\n",
      "memory usage: 757.4+ KB\n"
     ]
    }
   ],
   "source": [
    "data.info()"
   ]
  },
  {
   "cell_type": "code",
   "execution_count": 13,
   "metadata": {},
   "outputs": [],
   "source": [
    "x = data.iloc[:,1:]\n",
    "y = data.churn\n",
    "X =x.drop(columns=['phone'])\n",
    "#from sklearn.preprocessing import scale\n",
    "#x = scale(x)\n"
   ]
  },
  {
   "cell_type": "code",
   "execution_count": 14,
   "metadata": {},
   "outputs": [],
   "source": [
    "X_train, X_test,y_train,y_test = train_test_split(X,y, random_state=10)\n"
   ]
  },
  {
   "cell_type": "code",
   "execution_count": 15,
   "metadata": {},
   "outputs": [
    {
     "data": {
      "text/plain": [
       "(3462, 19)"
      ]
     },
     "execution_count": 15,
     "metadata": {},
     "output_type": "execute_result"
    }
   ],
   "source": [
    "X_train.shape"
   ]
  },
  {
   "cell_type": "code",
   "execution_count": 16,
   "metadata": {},
   "outputs": [
    {
     "data": {
      "text/plain": [
       "(1154, 19)"
      ]
     },
     "execution_count": 16,
     "metadata": {},
     "output_type": "execute_result"
    }
   ],
   "source": [
    "X_test.shape"
   ]
  },
  {
   "cell_type": "code",
   "execution_count": 17,
   "metadata": {},
   "outputs": [
    {
     "data": {
      "text/plain": [
       "MLPClassifier(activation='relu', alpha=0.0001, batch_size='auto', beta_1=0.9,\n",
       "       beta_2=0.999, early_stopping=False, epsilon=1e-08,\n",
       "       hidden_layer_sizes=100, learning_rate='constant',\n",
       "       learning_rate_init=0.001, max_iter=100000, momentum=0.9,\n",
       "       nesterovs_momentum=True, power_t=0.5, random_state=None,\n",
       "       shuffle=True, solver='adam', tol=0.0001, validation_fraction=0.1,\n",
       "       verbose=False, warm_start=False)"
      ]
     },
     "execution_count": 17,
     "metadata": {},
     "output_type": "execute_result"
    }
   ],
   "source": [
    "from sklearn.neural_network import MLPClassifier\n",
    "model = MLPClassifier(max_iter=100000,hidden_layer_sizes=(100),learning_rate_init=0.001)\n",
    "model.fit (X_train,y_train)"
   ]
  },
  {
   "cell_type": "code",
   "execution_count": 18,
   "metadata": {},
   "outputs": [
    {
     "data": {
      "text/plain": [
       "0.9956672443674177"
      ]
     },
     "execution_count": 18,
     "metadata": {},
     "output_type": "execute_result"
    }
   ],
   "source": [
    "from sklearn.metrics import accuracy_score\n",
    "y_predict = model.predict(X_test)\n",
    "accuracy_score(y_test, y_predict)"
   ]
  },
  {
   "cell_type": "code",
   "execution_count": 19,
   "metadata": {},
   "outputs": [
    {
     "data": {
      "text/html": [
       "<div>\n",
       "<style scoped>\n",
       "    .dataframe tbody tr th:only-of-type {\n",
       "        vertical-align: middle;\n",
       "    }\n",
       "\n",
       "    .dataframe tbody tr th {\n",
       "        vertical-align: top;\n",
       "    }\n",
       "\n",
       "    .dataframe thead th {\n",
       "        text-align: right;\n",
       "    }\n",
       "</style>\n",
       "<table border=\"1\" class=\"dataframe\">\n",
       "  <thead>\n",
       "    <tr style=\"text-align: right;\">\n",
       "      <th>col_0</th>\n",
       "      <th>0</th>\n",
       "      <th>1</th>\n",
       "    </tr>\n",
       "    <tr>\n",
       "      <th>churn</th>\n",
       "      <th></th>\n",
       "      <th></th>\n",
       "    </tr>\n",
       "  </thead>\n",
       "  <tbody>\n",
       "    <tr>\n",
       "      <th>0</th>\n",
       "      <td>997</td>\n",
       "      <td>0</td>\n",
       "    </tr>\n",
       "    <tr>\n",
       "      <th>1</th>\n",
       "      <td>5</td>\n",
       "      <td>152</td>\n",
       "    </tr>\n",
       "  </tbody>\n",
       "</table>\n",
       "</div>"
      ],
      "text/plain": [
       "col_0    0    1\n",
       "churn          \n",
       "0      997    0\n",
       "1        5  152"
      ]
     },
     "execution_count": 19,
     "metadata": {},
     "output_type": "execute_result"
    }
   ],
   "source": [
    "pd.crosstab(y_test, y_predict)"
   ]
  },
  {
   "cell_type": "code",
